Modelo: MLNN, Loss: CrossEntropy, Optimizer: SGD
Resultados:
Confusion Matrix:
[[178   1   1  41   5  18   0   0]
 [  0 599   1   5   1   1  16   1]
 [  4   1 278   7   5   3   8   5]
 [ 26   9   8 457  12  32  35   0]
 [  4   0  14  13 206   2   4   0]
 [  5   0   2  48   1 226   2   0]
 [  1  13  10  23   2   1 614   2]
 [  0   0   0   0   0   0   0 470]]
F1 Score (weighted): 0.8847084411747816
Accuracy per class:
[0.7295082  0.9599359  0.89389068 0.78929188 0.84773663 0.79577465
 0.92192192 1.        ]
Precision per class:
[0.81651376 0.96147673 0.88535032 0.76936027 0.88793103 0.79858657
 0.90427099 0.9832636 ]
F1 Score per class:
[0.77056277 0.96070569 0.8896     0.77919864 0.86736842 0.79717813
 0.91301115 0.99156118]

--------------------------------------------------
Modelo: MLNN, Loss: CrossEntropy, Optimizer: Adam
Resultados:
Confusion Matrix:
[[159   1   1  56   3  24   0   0]
 [  3 604   0   7   0   0  10   0]
 [  3   1 278  12   5   5   5   2]
 [ 29   9   8 455  12  43  23   0]
 [  2   0  18  21 190   7   5   0]
 [  7   1   1  44   2 227   2   0]
 [  0  17  17  43   1   3 585   0]
 [  0   0   1   0   0   0   0 469]]
F1 Score (weighted): 0.8676384806861703
Accuracy per class:
[0.65163934 0.96794872 0.89389068 0.78583765 0.781893   0.79929577
 0.87837838 0.99787234]
Precision per class:
[0.78325123 0.95418641 0.85802469 0.71316614 0.89201878 0.73462783
 0.92857143 0.99575372]
F1 Score per class:
[0.7114094  0.9610183  0.87559055 0.74774035 0.83333333 0.76559865
 0.90277778 0.9968119 ]

--------------------------------------------------
Modelo: MLNN, Loss: NLL, Optimizer: SGD
Resultados:
Confusion Matrix:
[[199   1   0  34   2   8   0   0]
 [  4 605   1   5   0   0   9   0]
 [  3   1 279   9   8   1   7   3]
 [ 46  12   8 462  10  17  24   0]
 [ 16   0  19  13 192   0   3   0]
 [ 15   0   3  51   3 209   3   0]
 [  3  21  12  34   2   2 592   0]
 [  0   0   0   0   0   0   0 470]]
F1 Score (weighted): 0.879672338434121
Accuracy per class:
[0.81557377 0.96955128 0.89710611 0.79792746 0.79012346 0.73591549
 0.88888889 1.        ]
Precision per class:
[0.6958042  0.9453125  0.86645963 0.75986842 0.88479263 0.88185654
 0.92789969 0.99365751]
F1 Score per class:
[0.7509434  0.95727848 0.88151659 0.77843302 0.83478261 0.80230326
 0.90797546 0.99681866]

--------------------------------------------------
Modelo: MLNN, Loss: NLL, Optimizer: Adam
Resultados:
Confusion Matrix:
[[157   1   1  58  11  16   0   0]
 [  3 596   0   5   2   1  17   0]
 [  2   0 273  14   6   0  14   2]
 [ 20  11   4 453  18  29  44   0]
 [  5   0  11  15 204   1   7   0]
 [ 10   0   2  57   4 209   2   0]
 [  1  21   3  12   1   0 628   0]
 [  0   0   0   0   0   0   0 470]]
F1 Score (weighted): 0.8728342690901941
Accuracy per class:
[0.64344262 0.95512821 0.8778135  0.78238342 0.83950617 0.73591549
 0.94294294 1.        ]
Precision per class:
[0.79292929 0.94753577 0.92857143 0.73778502 0.82926829 0.81640625
 0.88202247 0.99576271]
F1 Score per class:
[0.71040724 0.95131684 0.90247934 0.75943001 0.83435583 0.77407407
 0.91146589 0.99787686]

--------------------------------------------------
Modelo: CNN, Loss: CrossEntropy, Optimizer: SGD
Resultados:
Confusion Matrix:
[[216   2   0  19   1   5   1   0]
 [  1 619   0   1   0   1   2   0]
 [  0   4 288  16   0   0   3   0]
 [ 16   1   7 508   7  29  11   0]
 [  2   0   1  11 227   2   0   0]
 [  1   0   1  28   6 248   0   0]
 [  0   2   2  15   0   1 646   0]
 [  0   0   0   0   0   0   0 470]]
F1 Score (weighted): 0.9420092103435027
Accuracy per class:
[0.8852459  0.99198718 0.92604502 0.87737478 0.93415638 0.87323944
 0.96996997 1.        ]
Precision per class:
[0.91525424 0.98566879 0.9632107  0.84949833 0.94190871 0.86713287
 0.97435897 1.        ]
F1 Score per class:
[0.9        0.98881789 0.9442623  0.86321155 0.93801653 0.87017544
 0.97215952 1.        ]

--------------------------------------------------
Modelo: CNN, Loss: CrossEntropy, Optimizer: Adam
Resultados:
Confusion Matrix:
[[220   2   0  14   2   6   0   0]
 [  2 617   0   2   0   1   2   0]
 [  2   1 294  10   1   0   2   1]
 [ 10   2   5 521  11  18  12   0]
 [  1   0   2   3 236   1   0   0]
 [  2   0   1  25   5 251   0   0]
 [  2   3   2  16   0   0 643   0]
 [  0   0   0   0   0   0   0 470]]
F1 Score (weighted): 0.9506369079327719
Accuracy per class:
[0.90163934 0.98878205 0.94533762 0.89982729 0.97119342 0.88380282
 0.96546547 1.        ]
Precision per class:
[0.92050209 0.9872     0.96710526 0.88155668 0.9254902  0.90613718
 0.97572079 0.99787686]
F1 Score per class:
[0.91097308 0.98799039 0.95609756 0.89059829 0.94779116 0.89483066
 0.97056604 0.9989373 ]

--------------------------------------------------
Modelo: CNN, Loss: NLL, Optimizer: SGD
Resultados:
Confusion Matrix:
[[226   2   0  12   1   3   0   0]
 [  2 619   0   0   0   1   2   0]
 [  0   3 292  10   2   0   4   0]
 [ 19   1   3 510   6  24  16   0]
 [  1   0   2   5 233   2   0   0]
 [  2   0   0  33   5 243   1   0]
 [  2   3   1  14   0   0 646   0]
 [  0   0   0   0   0   0   0 470]]
F1 Score (weighted): 0.9467591240329564
Accuracy per class:
[0.92622951 0.99198718 0.93890675 0.88082902 0.95884774 0.8556338
 0.96996997 1.        ]
Precision per class:
[0.8968254  0.98566879 0.97986577 0.87328767 0.94331984 0.89010989
 0.96562033 1.        ]
F1 Score per class:
[0.91129032 0.98881789 0.9589491  0.87704213 0.95102041 0.87253142
 0.96779026 1.        ]

--------------------------------------------------
Modelo: CNN, Loss: NLL, Optimizer: Adam
Resultados:
Confusion Matrix:
[[220   0   0  18   1   5   0   0]
 [  2 616   0   4   0   1   1   0]
 [  1   2 290  13   1   0   3   1]
 [ 14   3   7 512   7  21  15   0]
 [  4   0   3   6 228   2   0   0]
 [  0   0   2  23   4 255   0   0]
 [  2   3   3  16   1   0 641   0]
 [  0   0   0   0   0   0   0 470]]
F1 Score (weighted): 0.9448884761451904
Accuracy per class:
[0.90163934 0.98717949 0.93247588 0.88428325 0.9382716  0.89788732
 0.96246246 1.        ]
Precision per class:
[0.90534979 0.98717949 0.95081967 0.86486486 0.94214876 0.89788732
 0.97121212 0.99787686]
F1 Score per class:
[0.90349076 0.98717949 0.94155844 0.87446627 0.94020619 0.89788732
 0.9668175  0.9989373 ]

--------------------------------------------------
